3790
24832310
3736539
182769801
751014054
532675507
61208005
544105787
127783165
173042831
363679927
273458952
146657757
236504641
104971924
530473693
225214221
4458364
61079833
63115793
132357457
104455569
138576703
251283803
127866871
111588465
338084958
171462347
447004933
365359866
237149936
216239521
262943901
253301361
72855805
95497673
65776411
217266529
28371055
124217745
136214014
501740301
22820201
2661141
267940496
27423678
155182429
69268737
417848734
27240910
9036119
152365291
161423521
497834244
344138158
405486698
43305166
442478389
37578817
551061691
58959439
117303019
9654226
241964911
145389193
252288625
581187631
824281261
36113785
45211376
37712349
77145797
6408877
7278181
132646497
227907379
867636749
162012001
515956591
150043169
63423153
661318141
129572997
27514246
329456891
133189723
243433919
228385207
249775201
296742943
365014261
307565399
650385451
765497905
8368801
133798297
32768569
156593593
35558251
333821755
193900243
919698661
61036495
416578982
288096771
111219681
5748958
441424284
392176925
216347305
363670000
261709911
157693225
10768926
145967656
148741157
102424137
34461857
418187151
667644801
696030145
21194785
38565269
414354160
138648322
336433070
707659561
74470881
419029321
452466785
40796389
150044389
44354077
636145857
397871272
199353368
139149921
6908311
73947329
144157336
27381963
161199802
128712871
442291349
214186623
523221911
51369435
155344953
328457985
11666271
280925451
26848977
435928186
617963533
300773136
304965091
546482881
84203133
191255912
39672172
182890081
215721337
341763088
201954145
277463311
375085915
268143313
152032273
8302807
61824337
979855736
342465786
215545561
21219890
434444341
119146806
169539805
135120011
1870441
18777663
109851633
315211417
722024579
22935745
79913386
381699203
73349101
87110165
744745861
32656726
9728965
686129725
240608866
126382945
49084485
230726681
19091172
512956165
1277341
898723225
319313772
229651633
309416425
12572215
36790579
443456616
25101649
26523705
201353341
35589618
150434021
3525501
80995801
207157531
10306808
411552879
151502992
44177376
297833355
551023273
420646425
734428158
140243709
681333301
124981387
512770831
148231164
284929219
953125981
225398331
457637953
88308865
222935569
204727165
483370145
54514801
6032819
916598245
331039326
82783357
26388712
211628929
70150125
80369016
260110081
142670726
295497541
278113036
32464833
440795251
495991581
543089626
187713086
25768219
351813736
107751397
210290472
151330729
271024001
400271278
26201071
347728242
661309311
831929501
679251926
210420861
37994167
130395552
27857649
422733259
389586947
431803021
884178245
388299609
694856852
251850559
5819941
138172024
280780726
486969729
63062209
69494830
252037381
150210517
285070871
216775401
203940280
675913457
306318601
481582601
60286887
428960179
185295703
142919809
491226741
52993105
2520937
839881684
1499681
75130625
522040033
948214
779352073
9403195
762356246
550078453
4757970
337875528
105443731
65937280
367254601
324797826
122500809
423610041
67682086
129100809
780080170
24449545
4383154
81722339
94808056
240931751
28060477
361130764
254223109
205861326
63003750
376324651
647914238
841866773
108488885
735964687
291593269
51890806
94903435
8019222
209112196
292263661
597761221
282055868
380536225
75995327
497010351
279000268
98195231
225969129
164227831
616339389
320144923
632044
582857341
134823475
392046841
688483809
524999137
5106557
362423805
28750086
383147129
350422021
36404039
296080225
291232798
880745320
36168907
189697465
511602761
40107036
176604625
488160769
29618029
64047331
73806251
451653019
803484137
208816001
143816537
397145663
177804189
10315657
58054401
367575060
60780439
38477073
241087335
131277883
283438201
18648631
215723457
458430871
619760051
98963821
10340944
124068006
28884185
96325607
441035863
196393897
448326107
107677987
474782281
21199003
401179753
127473039
202832995
820330720
20123729
950045009
112440889
64793957
338048481
311906039
22667991
35772126
116682609
27947277
286999471
337112881
77215086
19742713
529310307
335120297
782355715
258402690
108537217
10265491
866076
172228642
419421271
102008841
43165963
422794476
110240289
60541561
362193382
325975617
35346214
1304681
861301
11181221
498832721
374188195
344568921
423704669
17959486
233177167
413960965
195320560
83628047
184187459
352871638
263647703
442369873
575884921
50534439
37808954
166510859
497010347
677226485
249938091
683735886
118057825
120086782
4895236
511437536
372709301
736097168
429826546
76176115
47994871
271448661
10565776
87354831
935652094
536341527
68114944
500930805
95712007
438498721
414289261
316515491
287169033
237293509
398573011
179941969
528471
10426186
623600909
375332801
368284797
97626621
222139241
27344277
301644664
26001012
169568161
311007660
262734756
572998086
46126706
11705574
957037963
313855657
555140296
168315641
236552982
20791423
415380755
652964509
186953761
710574161
642984115
6304825
315931291
132293181
213671837
36647073
569946677
141979825
351357721
125772565
409865370
434991943
460672001
232484561
18659376
34012591
427646017
16356889
117718048
451541367
30144436
180071431
25674880
58980751
109264673
405086229
333570260
35999558
49812321
807580044
354091347
321500845
406293911
837079777
313723873
597146035
239369735
136729114
428527201
859768425
351771148
893453
119356290
10593793
142732085
454688425
50005891
164214481
79525953
51552785
81737830
199975779
319712605
377076124
709855505
363687849
868591431
104213053
24106531
685613365
119273617
27829625
45887821
7809427
353607836
51044689
51801629
484665449
424720018
134768194
335086357
691813221
606283237
101371972
92897377
216060601
174123995
70708371
58724745
156387103
309354067
205413484
314855271
117457081
373594861
427852618
380321676
689869126
671917597
291624301
417297283
673802921
69489050
3168882
132545786
174690209
58662888
193878784
660438481
134167969
92168599
15779629
693123421
63349716
17561563
345821176
793665936
17661638
63734265
438407059
38191188
117661338
610280510
188455719
905362782
351606321
524668233
81034251
489450972
41177347
219551311
232453706
407762453
320560751
25367356
254839912
110397331
48362177
202926043
610843757
458942881
104621401
95950001
71478616
560067373
5618373
660600147
57973826
10449407
182282241
734198221
3623576
337735641
4760380
50109607
32276541
73988025
13003903
155917873
340358785
405315032
1488400
69927961
562194729
384426434
141971852
287582709
328959401
557656543
421250977
585777586
132366943
187131625
112869849
162852232
201875139
368647192
38222173
235951741
333590585
191514065
158503496
460045241
21095173
53615871
36686001
56935171
169608587
266054913
666260
132544361
265474111
237858070
439642793
7421405
177242271
81860983
151241084
91577424
681373057
41628236
262711801
225384709
48654627
403666429
132750701
197263873
831735589
494664556
87452653
75473971
459487821
315172980
354587121
81938767
23756349
877189791
177990043
445180282
251894840
93374425
212553550
258595961
1219669
49849416
222011485
152200753
135814961
45112321
124469277
148635809
159326733
330013976
112413937
614874049
22251773
65821689
299071881
147447373
30439857
148542058
167384903
219043906
269461031
10128522
57798881
196244533
13328079
5998211
63255501
440318633
20125787
1947617
369146273
209852369
46192244
564404729
807229042
266502133
2150254
24700025
4935659
40067469
462906100
227023009
265757318
466904257
43987285
438958085
226289507
923872209
62806281
293002049
719643456
228637937
47729836
26010381
20383463
412228609
593763247
54002789
831572101
670662613
32510455
109783281
281794441
128882434
184063321
542167363
205312633
338255711
277895542
39038741
963861889
7859426
310041189
1287586
31192855
322363729
926370821
128758521
601359451
126184321
651666367
719185307
408582091
172643139
220367902
517750729
314705225
227216989
288249845
13267637
180899594
324414721
654747475
69608881
509384033
260724057
72445481
160695879
632209073
466661025
40315089
48294152
63381646
242279821
742921483
44352465
518918439
565534621
191429413
558733451
195485786
24512753
702649474
393917077
114403237
625443251
91993381
145485276
51311725
6385303
31384769
356655976
438955329
466791976
683749172
34189835
99220395
12950201
201056571
41149637
75637134
831835201
198872476
5094335
23583829
1068733
682601781
88917403
57018013
179634233
566058673
128120609
794158538
91282837
9101533
574021627
401483486
8705521
540779594
529501925
384941206
12176607
1207069
37580151
12951736
209235833
93211341
451833493
508881645
144178021
649524426
220953817
626875174
343559826
1565437
325193331
396312491
392112041
82264765
72995518
102814375
179850730
74895706
8121439
145890580
121462186
787439404
229916246
656742505
809125463
460619329
475190821
198156729
964716061
143691925
183676221
381922241
154505221
105177205
421755713
40911287
219037852
164281753
206602265
245875019
325931161
957421
710640376
217773937
490768445
19203447
75320701
101090017
203914657
111160505
818061985
587330149
7111831
90298671
16701403
17692613
153220801
475403153
93977401
196324924
917043751
217483993
22604653
40416596
139504886
10946497
205310467
135152725
534672001
120955591
918698929
520110401
89331028
508086328
574637025
86950921
206097
36944449
733284238
30933103
247474306
81396001
182885455
117135301
499287349
277019329
426231466
231414266
181246927
541064260
10837189
259714781
83864867
519728113
815343961
273958295
322821031
148327135
336675687
409277985
75714593
164782655
115394561
99106185
269517777
342067719
6269185
562666621
101223573
559187929
20312926
215652016
428713526
272155461
900420041
583977430
141273126
149268861
413230337
41568516
12879325
391012249
300099105
295093261
38899807
657802887
126166006
199512910
7722593
498726853
22294296
44335761
89565233
236540641
43234129
206888461
31928197
104061145
534349393
377094657
310375985
1310101
42922961
510462001
530151766
497025533
7572775
404919945
1534951
27274521
32592221
104990941
372271225
548444086
376200001
260501527
182145
947097145
44670526
134703361
268355941
160628599
261103340
143487
332577631
503671456
87467411
440398351
760251597
329955619
37725073
691132438
595289341
511503911
60245281
6307633
203771028
29429806
227666001
588707107
549037369
114612451
353590808
4838627
84744110
196545412
97185341
282387001
29811055
543107969
9487729
52178179
12700601
3535117
436392319
2209801
191887497
295889531
228086713
924211713
169015177
100180776
231509701
186035537
169004050
53914173
221689225
144273601
649102965
513794182
133695409
468930925
256118425
17057341
8499761
141122191
502004965
730786281
397021879
317610961
231501349
530069569
17521388
1505407
382570934
381378135
256218502
726900535
119675093
55978453
129407809
115302783
53359489
476289871
24061409
490459
454201971
376136541
379091220
35185300
729384379
257390035
223211089
286697969
157560387
821147303
44872861
375217381
152913820
259193157
377957001
161976142
226279165
179512911
78855147
159628105
830037352
137408107
194723197
273326516
5351228
42962401
272675943
72010487
129559291
5645416
183029295
361823985
362519009
239422071
303833456
307304660
93040377
94432581
258269365
137586541
160256944
495196261
115952083
362512881
330717013
375578056
533418849
201494401
485911405
515981341
233125516
43533085
322509747
416615581
130873611
54545961
38387251
724384151
126443866
525838681
4661377
15367001
27099361
102939376
706429081
509176
54015206
146523681
63051615
579039033
282359551
334267996
65743497
75333259
69485317
563805876
67308508
700185357
132803406
67935288
414098029
710219071
112050379
150939686
80139304
548042575
585989471
51866713
248802736
539997577
817550176
640195201
87614047
123897181
173615401
6937376
172748796
784000856
953749561
324238126
119512857
241473384
17834233
83952799
903608966
738071423
169398941
25347763
267839527
6681053
756327001
142801849
789702733
219833326
32444794
103814574
674265628
3568835
37660159
33641089
76289121
73022
22412401
7678459
223046017
299324921
153523649
83323927
155496993
44634646
136268707
7774363
711799063
622336359
44748537
15877168
129016097
379784325
454900349
70158306
360957871
55729717
114596236
360369217
10835169
499778533
137608951
533892181
53979927
588422374
75105449
280783
26439619
440107251
203413013
868195781
183970423
62812635
315779395
172346721
308750751
276234921
21356701
907621489
903385883
281734191
519941441
59751087
682523761
37219291
12766755
688535953
37135385
222376393
212471037
315818839
115456257
365305221
167549689
177209713
81325377
36155239
424048945
343567720
258414409
413858353
240093582
207866625
34020251
9347591
381783973
971899237
621259282
524735121
664155451
51834891
227636751
84665713
854702891
517970377
230245233
196707892
93115081
237349198
333949681
253792501
43379176
113409297
75601721
9888489
383740525
158121900
166917853
299978488
438942972
12386762
12145381
726112466
234862729
437504936
285420611
445641043
87360761
7116190
567814625
173411304
450237313
59943709
574060353
307519645
478735951
27853057
82867456
274014695
318742152
88551361
166151246
292354509
186897321
272790757
669432501
525902709
382950401
446720797
91864711
185649811
110099073
6079451
153054721
56650969
55545589
552927156
221111001
423663405
399502687
124609307
298952515
306160555
608801141
37048991
170945569
186327513
575960545
182572429
91030429
248330647
142192705
239254045
85601062
330073945
329258374
98586286
73452051
5471914
119666233
923485591
263265982
574703361
42820181
194101090
658595302
81044466
76742194
54569720
85562625
45734477
247128001
201146849
24078055
15689817
174048141
454783309
240817567
28167553
361724131
594973081
298517185
5089839
290302881
68369197
131723292
15842818
402555635
573355225
129913661
28496716
414494449
838156216
133658311
9778465
348291787
320167279
103396177
122475631
16249657
325838591
332314921
47567106
38249905
12619113
165306768
155794797
584096655
72412369
512054561
89071121
40614211
220720837
496694719
127368704
299271025
121514011
7998937
19297851
35565841
2771836
116561355
104538651
184364681
13111593
237161861
39551209
618143989
17990110
26319083
35136300
728209924
161030260
289233414
4323250
121801538
108430305
737420251
69307591
191280072
720755569
399939881
77576761
215201211
110395006
209431561
215684445
18844057
61357681
132438859
63419721
569226617
289821573
41260621
37911836
306215617
28017
116787226
13575101
413043009
26478076
468874405
49377793
115325225
856572679
414312013
142731528
634166039
85850059
100309319
868817167
14983696
208929918
58399892
239660105
17163529
913393537
276149329
319490016
189245233
4100349
210910745
10570276
448193551
401674301
107811451
494655872
18637257
193910977
382515409
533220662
454578676
937834006
35316713
7537471
229086833
397432800
58236673
25445751
97839526
355501739
460812407
268633814
52038873
453492181
627146677
576855445
463178131
128517439
19348126
3127353
351078778
855289959
240273127
162532423
609596002
132412199
331946241
41206201
62158507
196067554
430422877
534970101
16555111
30144945
196899601
501103877
48384847
386798371
281605376
511660801
58040065
102463950
11118721
381737311
47233066
5810330
217571486
335951095
434025271
508421581
72103109
593270236
88503395
472202776
40843089
162928669
85799443
109540369
758476795
374976757
150429115
77535874
451636009
42563852
948206641
545984713
326758921
31768161
348798313
127206919
366998689
748447921
285131297
173311381
124986138
813378721
129688111
225109105
348452245
431701129
66354469
437441467
133689583
129848233
108691630
61589286
11212297
271733617
527364955
113740201
932636645
62558781
197992351
17529639
327254224
853435893
231188182
162876287
74999975
134963533
384371849
182645009
212619253
78729347
36152804
198707701
584601641
444235411
446665455
113044114
242260899
38157049
259995523
29202139
174515041
304283329
120639766
52833817
32760729
920298415
346027045
141963382
35986913
8546671
846926543
203713021
151263123
314799661
274687351
468572721
306460849
113974920
132026761
353440864
259394332
625259123
234744481
535858203
358074261
104169682
366895286
623815963
827912253
363569536
454550825
398231650
200927771
234241201
118946695
347473627
127143481
69312189
230479462
7467841
136973971
516956442
215312266
195556769
493255477
194047457
446607461
663852116
3000229
608921828
153208945
340012009
412116472
140945561
363816426
82951740
26368903
383680251
300850921
40825541
260596791
6340405
49539799
93695001
42863671
306487544
139434769
26009994
25671933
259612906
339568309
197232968
161351425
76715577
750995026
494038897
213380958
100401913
213516066
472152376
118635091
30042225
86360245
155606243
550444774
135229289
40189976
140286316
472674779
157370310
320124526
652557064
790310005
726498289
81459518
165643867
35304255
36076321
156203713
184646587
301286650
1938403
94688385
20311873
151443501
388128551
599251204
683281063
692165251
212675647
412222669
382206462
139536541
53435710
395477125
118175938
47861121
185239563
76027601
43738745
4537575
518390371
500661
150861470
262880401
573949016
140803149
160230001
844922233
94943067
23743689
197049367
493028168
76556581
389672881
339145921
53079262
610576926
88817779
49276767
492708621
381808919
1257049
300317431
519729373
82576437
14160699
337131115
307011761
41989473
426713515
520609919
236076320
3973151
526377567
166051621
65143281
91243822
7067772
98438629
490743500
296101
434755777
486868641
172273215
383826646
230908501
325996551
200703537
78976809
115545089
88692571
21091501
316694757
245263
9679281
166567441
244718251
48976465
114389960
297236296
663604167
88594591
344735665
15796401
163100689
61998241
703214971
122158561
503949531
52732371
49781361
145869572
18969700
65062845
882511561
108847636
56015331
160196554
248759161
180806827
679451005
173557814
281589053
630442607
210049429
130877776
573440141
75581923
274304409
45129475
442213742
13786477
821155875
251188883
330958678
13015517
213478714
216195825
259515901
18546001
698270223
275784861
85089714
12035386
23857012
99139621
769032335
338155399
328771561
4430992
294634013
189942709
93043729
617711977
73633666
208543873
162896523
390607141
528643285
320082374
408523457
108664921
80874501
74730241
899577
74662722
224118345
482719420
19179322
42950428
149184253
552388618
472163791
198135443
462935978
95224671
941044505
14540107
117919761
957986959
975804985
365979505
542132326
24271547
255368140
303260455
286188321
154200892
645086681
150822211
183957341
168710657
290784001
7603345
272943361
787261000
225243793
166145121
156286783
404649094
534707159
29371156
901884673
57532827
3844541
51246161
383178376
888822535
7997194
257284405
464312619
32332501
27160531
145348027
11405881
129579171
157962363
156039842
245790551
278251347
1917153
395597817
383554321
529645011
63412681
616458513
12036961
42130544
806166065
740842693
469957321
233883883
37915449
1848111
251787085
162599883
552250765
5446075
474157513
69365708
90232289
60340268
416798461
692768077
264323341
481173512
205652188
62826157
269389751
459859802
286925761
213212332
164279483
326372237
692089857
23336911
609328533
598990309
41767402
762699851
12571997
88381411
249910497
94658837
40269161
383407163
283678671
66283725
212313018
42005062
30712193
93299944
237757185
517515540
207038273
19787905
163587501
332798544
234104301
179954413
278040822
812390771
659290869
242333460
372691291
84307465
221428385
202002571
218478751
391404001
396876289
206400723
671666301
832184868
7716097
188667361
433293521
206210863
964411657
175615691
31873713
437671726
307425094
231259555
444891
377898322
337319121
406228706
88024861
3794682
246561933
151156363
142987783
81348415
158746181
272333797
68416289
276734907
2372139
840853792
21738193
210380104
194572751
83736501
373282246
249826303
479652733
189626665
373185856
61205173
485861920
192676381
50279425
201590056
354710239
150241025
881000209
172197601
38863423
155605825
594909609
999999
313198711
1604681
753099025
2840972
527054776
602458881
480459347
98137777
3377293
257147917
199328374
123348499
567963001
324282421
4509982
261872734
305016686
442234151
297167209
848243465
388884140
282076513
291055305
493425663
42440001
31954131
350181189
646760437
58214785
443621011
705271297
4088275
192595337
219107357
719813641
20709937
584403219
80476609
432953525
101890361
573996835
323659216
291600211
94082569
279902286
412041409
21860581
1998745
50397953
99945489
376888033
27385799
22786186
289878816
370039792
220297121
77779
143229217
279964432
249656641
707506251
31902265
101210605
82546393
705635393
73333285
137949935
222679766
30301209
760843531
24774751
144092686
62338321
523069336
540467005
65954371
216171417
139656871
139424260
473909489
236047351
220807609
110986861
367955025
168257647
3162335
227281151
189409546
182461151
207054026
416339297
3922600
667484901
401379817
521922927
605625511
315983934
537377001
103132042
219701304
434168611
5984998
13210000
640179737
339774760
3498351
126256343
51642955
2659097
29773717
132299511
723860796
263330541
80921361
377698244
8276297
332556185
211532617
121310971
18161753
538489665
271869411
859866245
569735230
151680516
26578385
98594731
245449989
445716289
24593251
227073800
281590089
207404381
5709015
87533733
223366567
91211689
543248401
56777016
14988953
428708801
893776191
186267229
147181883
26136176
695667001
1246827
389828101
365951636
183739098
224302186
104944111
361663888
172784397
706983733
506845585
415821121
66286906
232653985
239723713
258521976
117595699
9278387
155065039
31751681
830967391
399812866
4294434
97802929
265738721
47789262
551703745
197699321
131099017
240751681
312802369
621661536
437219497
629314791
384845153
284474353
59444596
17354845
454330870
482663201
252094501
29150821
112046442
363558483
288982289
63048361
280787011
46705801
97182619
258079656
141298093
52019221
38716093
779551015
419131844
359384389
628674746
445572197
261722526
743471
7695398
180742761
384587371
210722371
793343921
627775611
144758056
27624243
92642593
19746421
368136662
307528396
124678501
12751326
100209901
424271597
64560865
311740208
352439776
182519905
32062717
486338648
27516796
276763213
247684321
30203641
126423001
965023129
620581042
28062166
52402117
316224639
781253262
74689523
45454445
407377477
338333740
454823169
29611429
210353172
66080323
29152385
48601884
25580933
511383331
50165315
62406101
195900141
196980736
304343445
445831399
127854839
291980305
102622072
120026251
339262761
46182901
30058371
61020525
121817060
471371776
319209661
216777003
707294719
374748661
435595099
84824144
127239013
129579463
594176419
15444597
780637501
363894773
351415527
983012539
532764883
81742427
48316993
16462444
487184977
250324071
534220921
820577761
445330049
224905735
469163525
104058011
493571513
84532537
164450305
76475169
14455594
38699597
306450244
68777263
999742465
82695376
516047212
121237678
177913526
741659617
817819585
79069906
597650347
350197687
275850961
446643821
19701591
448625569
732846241
20046361
51196454
585141265
193815013
282519849
14291989
237032284
694649649
201852501
7281465
254155672
409700131
405553
14806553
333703675
53419442
31825058
207405521
149511106
16107507
186217865
152743135
293455616
19419821
205943283
240719931
203978656
24305449
165941938
68745889
140994317
702996946
74068195
393713407
323163844
514166449
4483329
753745854
25663951
3499651
25728337
938627471
578955493
455155012
12974681
123659218
195513421
236793751
127000149
370934977
294172827
246589036
52896802
253443269
13312639
294600673
178962255
61405213
41721274
688328131
8686217
67262561
33417096
155740873
24538341
165628321
36096671
6264049
592083463
704583129
109604947
2214097
100167265
10897321
367982501
561141581
16345176
95288861
24697063
9275535
205125537
454230727
9488727
241175301
276091
13064337
393638401
622360825
597973321
488736501
56683069
471897409
30547315
190632775
849542057
157841729
28233830
598701021
548148372
306146226
488341225
252715100
185075857
260289401
117884677
454598961
656130862
26154122
230769601
112596030
266107865
902101
518173707
24875545
103862881
15662151
134080927
26376201
61463991
702293301
164584551
665462071
22642259
312245155
103606798
308406606
473110414
107232806
164253181
12668976
186197691
234404363
415672009
143693333
193820296
43532497
80796105
806425601
435371375
466140233
169296271
274775851
19915931
648952153
98987806
305379987
539506982
833752929
172101601
223742751
210265903
292535230
575589241
105549301
792414694
155391499
330902686
648759205
5663899
273638102
254452271
188132122
575112331
131170894
395364961
174315261
107143751
279237470
1820241
476890936
27879361
255907897
288505345
12734489
800833445
20398807
132758638
167794001
312519165
149611240
347393303
44346743
833154761
550726589
568816056
68241139
535160726
21266092
388187032
75777001
359754926
576761696
259091171
310172913
104994991
173991631
452925837
398564359
47511049
78443479
894186286
68267629
425104101
229030188
223999843
535687315
143130370
139123741
35348917
344761169
90450666
821069095
188744037
884724726
13908721
67178969
104138497
197619649
485132792
201384949
325692679
42394122
39910631
288065233
120582361
27771121
16808401
331324557
35878144
84680865
122423977
147122908
20523621
150070701
889696029
117016405
62063431
45970583
714163641
13875561
237367720
162169183
764770631
267315413
444600992
192929429
640938513
16399660
61650305
221289257
236169431
400282492
295182785
250152501
137336040
446924605
209159616
526059249
177842926
141891145
181340209
278221721
1130340
57941509
355639424
516586425
146191981
17297081
467969725
180071277
2460415
429358753
47691682
213588083
382311714
7913305
313026841
6609121
186096489
229832205
128321284
151967485
364449121
48940681
430334074
401755261
265423661
701589034
397412965
659298376
1798630
172295281
425412659
11771046
5088557
68572757
486450821
32601610
156516312
594077056
318731864
83060761
358256277
157139489
6673645
268123313
275078741
602435361
430692991
160604263
421382611
298467457
228626521
145413853
308158423
10736874
144759585
72696970
402195457
476848801
594754529
653679677
184054248
101422381
110382686
106520449
660258547
471301281
101082381
40372432
28047235
84895660
106508961
18885032
179874280
35547835
58159597
79847132
960835411
381782501
315637067
313507468
323482286
3822916
287647751
334869155
145083505
294264635
122798053
755164481
2507589
190898021
628297759
57004129
488273425
355957408
9429721
327414984
421707015
591650182
680092641
178405153
447335281
747368679
35197258
748517956
3523793
654510871
11358985
26622871
26706811
140428002
170081341
715532284
620385486
384201316
281724817
738944369
441864831
372497401
463747662
652090225
38671669
301669006
24631453
33124371
312554549
313313391
121189631
149836689
521926048
52207255
486087841
60964541
191051500
1536417
394473895
568452054
248946301
2043209
226399681
882634753
258826261
385520544
63706549
117432949
120932251
920493039
3242667
254085701
478987561
67133566
396553990
44696513
283956613
839925486
91782901
18108241
175395655
50698355
40554075
75728161
515206441
187354259
532746001
205498651
550508386
547995571
4860506
226016821
455891169
60680761
34410566
28444147
144951115
238769361
39922561
499637171
117030816
106560017
159459031
300443941
86123929
9142705
109553116
796059151
557255735
595717156
749093346
156518476
465260181
143225281
391001858
462793255
24998065
591570211
202275877
299012731
288335361
10285441
197713843
8434561
18628653
52071636
813930267
204895153
79314157
327868993
431120033
541005697
179346181
418623763
23883581
236592409
56753325
422357101
252812045
497780591
541334707
156493637
582519997
85675276
383874934
156421461
230864290
388170793
53938243
182186731
202359535
961498
157743847
108051093
165801511
75078433
126927601
51800440
250482796
168882299
13558933
46600126
142603165
61793470
324579048
72312451
89642917
278671277
22652569
113257502
11651165
33883921
235790551
220962977
1061966
388140931
110547711
640501182
38542021
32506573
22224076
357862426
73501445
302050381
93576415
405620721
60525879
131133223
101961671
4396063
200423741
246969046
412150993
9120761
39058851
81567197
6701971
32882041
313026365
704386263
240412471
22731912
161126626
198317231
211728119
401295211
261397006
107081262
3361905
90418433
48358596
12233398
11649219
817314282
234671449
420264244
113784217
644037031
200729913
878322241
812416660
392307841
943840961
581773718
10494385
385804129
302401981
46079859
57125713
148018618
586688465
390856309
7245316
74950849
186562657
35120036
447297697
62551393
7030759
678698167
237117665
202714231
820459351
17607609
7858921
613194445
853876
405596599
274859095
559872303
901261492
325622291
17867397
105957377
26548428
35287352
74092201
679715849
496639549
143902657
168965653
70083715
153060853
194638609
67686653
385806363
85806197
38297023
312419168
86553697
151314913
89174770
391174813
106395551
147791205
82402300
649023701
754646572
574152781
406485784
70456737
40665505
340049309
575662547
90813096
214959921
464022091
233956109
451131121
20540521
94107861
358616665
537332225
512167681
204123151
316073798
774693361
550675881
30908534
168124005
9974789
555619461
126364681
618957586
33100327
183424165
850819996
367244285
26408024
553623985
219646426
75401821
344778081
115375737
877758313
102726415
105874601
94577577
183718365
495621501
6795241
3521239
10457448
46850341
55264161
32548251
95868256
365820508
100304392
303531301
636198542
25278238
58148076
239478033
556597971
42728712
10706336
425293331
156539346
431115661
629981440
203462469
3414217
631759206
136664155
103869401
515387885
437265281
19864183
336206080
33976069
491287082
38655508
381692913
386632736
21125196
261791337
209585638
293708242
66621609
8194635
400597147
227829544
233618653
138206836
299703067
66310497
116491243
528137501
207357221
12219157
250182103
894293905
295585004
66409189
69109945
197828125
324423321
870880078
251241795
2943679
181031257
183779980
362057597
605483737
127323143
283364063
138110401
622553161
244513501
13444837
99478369
243430006
169032565
609592461
475606477
28396576
9363081
250749521
473192521
243036444
599797651
182884193
39432025
974421566
53308890
214964905
197199757
735687275
28184131
63273121
305775269
160310043
109833850
11125951
9143957
1121506
83073985
405729569
721072465
177573033
135105818
130883530
158881069
568762979
490627729
41670401
371021665
214871257
597720751
8456277
306378001
93767623
115602696
142580
354000817
16316308
396363859
132047797
542781
278436736
110242793
838758939
74014227
492112261
152758719
278756992
4121101
157049261
833605757
254725637
57223091
125411671
196874449
361490429
116715973
403940729
5193631
27082858
687698485
27823069
880062611
791040881
29768655
61619091
187504244
51437377
340644782
352439777
324399559
1982201
382746571
326752933
6677361
43153396
27883652
759350406
447425410
185459383
39274997
152423777
49157305
84563949
9204105
493817497
301770145
29519813
784570744
174871873
61331666
588433033
95582397
68823442
87993109
367354765
231687905
426406575
537855487
51857205
81760257
757760153
60917683
593014129
939986279
192283861
201854303
108762801
510591953
55906745
149678761
42697684
731491907
556865401
197053001
1601029
224477584
263453590
237295969
113647267
14715073
97264349
328722661
399537061
3722668
936280291
79225769
400911176
694823032
49821
174373557
164844187
205182776
796817165
634609669
566709999
226863046
653627357
617247379
246771533
3940721
571507651
174752868
385483790
173811691
84538837
134673331
282907978
200784448
213507518
6686905
748025137
43334670
224946651
283702425
63258694
163430347
160682016
137758783
36284700
64081533
384662221
534341370
205503401
85714009
222879152
494327109
402979285
64389766
501355
136635499
39112309
41518385
212538231
531456421
160330676
20318269
209163508
129681489
10069886
160915983
238516600
497889201
421839321
953389253
12624085
784279653
101957302
213042128
490915038
5354641
97714722
686022301
233773186
694445053
2494819
174639361
224006308
333201246
8057305
476830096
630589051
121010039
197648410
78314059
9155909
509401379
229377601
236543347
516757696
158097286
46590054
25917841
38441089
398810789
605167276
19873105
157543973
183337351
559622791
122647555
96147157
251503165
10101601
412997011
99320187
417594323
43403041
127651735
33549089
105580417
164844315
189673771
260393101
690543361
389708545
384555016
132132043
149181943
44682301
794193655
351058601
102416203
160303683
60551419
28286964
447786088
156466977
431795113
408511993
24488974
78678509
47102149
36060261
155439993
28738247
336604030
92912641
218023054
134772475
193745521
151562566
127477764
468321349
602271792
557499020
16091785
254897557
34658802
129501241
525207969
752234965
323098452
213257291
7432193
183883825
203752046
360361495
571178945
223422067
996404961
182170693
458419566
174602939
9444629
102715215
128307517
3940509
9042151
247272663
310212799
194833723
48891461
111253948
650998699
298897809
85945055
306955081
172344751
235528201
44504959
192819709
14369096
208703979
386228296
37926512
546374860
134836096
421822531
621871765
308230330
228376891
398670161
236772306
224089139
337303954
81533211
18912538
211951473
228435453
179267531
533027171
175912339
8999761
591257422
9957201
47986625
120828673
523158065
174250261
479560386
101660905
550285354
141894813
2198271
775079383
3942724
55449567
226568066
34512231
263072841
53999947
272961360
217453061
380447239
705651457
890036344
192221439
477504721
416731751
132899211
83437446
251590396
201520663
264912717
31538209
175308761
297359401
551304145
54206978
503368548
140621251
184936159
32032440
84427379
49673041
12193263
147722899
312580378
518156351
570801869
116469082
222268761
213237905
246141191
134873071
20863494
273525192
26837371
82032501
14709169
704134783
92200657
15555871
138445385
237846786
138456459
651315966
16074172
190077153
250657102
627910930
125069091
330621691
276277184
526566796
119961251
262046731
65965521
405943003
41223736
489448297
1408141
126492160
5249233
824214821
42748861
48393605
301854295
238591835
67611340
228334033
625994054
166350565
353745809
357756586
703094575
199065547
719498536
68656197
412577701
18076601
30683437
539724204
229437595
57304484
339911391
97889346
839828221
215624871
96329886
565509743
146119417
39910427
187169025
123387199
14949907
71395897
214297123
751728853
116112998
886362321
451795916
113707751
381649969
180479959
160935211
35394529
417109921
163993985
37970945
159790312
40169021
10243024
594938767
563780401
416118745
14007826
238062673
36511441
122331619
507471261
388531081
463346963
227782908
400569443
25301669
331184351
752761328
614018
49774780
34539121
461636011
351587183
133266301
163691949
654938836
61434073
57117655
122966845
274579397
340038404
881160939
181781653
143085031
239158417
96641689
351954625
316149577
260655697
139036582
113267771
42793501
361243513
188371169
235186653
692339737
96694141
470553502
266554269
84396671
266639743
91486711
21503149
116285986
93125395
330088193
665832493
548174602
13065113
416617729
126759176
353247476
293718751
108869773
274266476
36142001
762594742
262656563
81474582
767557698
364943433
11648345
214341091
109189837
49920235
106609441
219539503
516189105
282447929
740609912
283342435
542110773
571568661
20178079
204755952
75076539
116965900
74917455
449841421
358450135
3521761
67624201
1812769
84671686
485936135
187533718
470113
247820425
127589021
510181306
72201417
564369985
94756611
183598206
526376865
104815747
152353326
98035327
7618717
759131739
55053149
97717351
745341115
777391981
32830253
143458351
398445169
253627106
552409433
67497409
304975601
154391175
88141757
240524569
831204961
380163169
38242636
160298439
267291030
148534102
72090601
414714826
176829017
136523969
273407419
388492378
116666488
56601577
814290833
504494585
193322845
8408764
263490298
795375829
468769141
381895507
146117401
347463565
87762753
99000946
122539925
593379073
610751593
322497626
243390307
654648865
426047509
596755817
113814593
285880996
25506059
59362497
15886617
396121789
745236073
166936549
1652256
146857042
157024489
14271396
73849573
52402681
491535259
2842607
57599231
194931629
49453216
412838524
403933069
172829229
228263077
30317883
402984451
387731141
44799973
98386257
471108081
138413881
46413541
247543003
217979724
662978561
939544985
472605896
134916989
425394628
113244421
266891616
664521361
221484916
443135737
304216504
109238447
611435656
446291273
269799621
120833692
207766368
53481901
661615916
356053846
432624625
191545333
434581300
1244552
99882889
470903863
277749935
16506449
572119992
140674365
691899125
400664233
608566501
44767597
299646689
47262541
569666043
484941485
878507001
292281474
